-0.0000458,  
0.0000486,  
0.0006483,  
0.0046016,  
0.0095300,  
0.0136457,  
0.0152707,  
0.0155448,  
0.0156126,  
0.0139396,  
0.0120276,  
0.0077959,  
0.0022475,  
0.0002400,  
-0.0000040,  
0.0000404,  
-0.0000458,  
0.0000486,  
0.0006483,  
0.0046016,  
0.0095300,  
0.0136457,  
0.0152707,  
0.0155448,  
0.0156126,  
0.0139396,  
0.0120276,  
0.0077959,  
0.0022475,  
0.0002400,  
-0.0000040,  
0.0000404,  
-0.0000458,  
0.0000486,  
0.0006483,  
0.0046016,  
0.0095300,  
0.0136457,  
0.0152707,  
0.0155448,  
0.0156126,  
0.0139396,  
0.0120276,  
0.0077959,  
0.0022475,  
0.0002400,  
-0.0000040,  
0.0000404,  
-0.0000458,  
0.0000486,  
0.0006483,  
0.0046016,  
0.0095300,  
0.0136457,  
0.0152707,  
0.0155448,  
0.0156126,  
0.0139396,  
0.0120276,  
0.0077959,  
0.0022475,  
0.0002400,  
-0.0000040,  
0.0000404,  
-0.0000458,  
0.0000486,  
0.0006483,  
0.0046016,  
0.0095300,  
0.0136457,  
0.0152707,  
0.0155448,  
0.0156126,  
0.0139396,  
0.0120276,  
0.0077959,  
0.0022475,  
0.0002400,  
-0.0000040,  
0.0000404,  
-0.0000458,  
0.0000486,  
0.0006483,  
0.0046016,  
0.0095300,  
0.0136457,  
0.0152707,  
0.0155448,  
0.0156126,  
0.0139396,  
0.0120276,  
0.0077959,  
0.0022475,  
0.0002400,  
-0.0000040,  
0.0000404,  
-0.0000458,  
0.0000486,  
0.0006483,  
0.0046016,  
0.0095300,  
0.0136457,  
0.0152707,  
0.0155448,  
0.0156126,  
0.0139396,  
0.0120276,  
0.0077959,  
0.0022475,  
0.0002400,  
-0.0000040,  
0.0000404,  
-0.0000458,  
0.0000486,  
0.0006483,  
0.0046016,  
0.0095300,  
0.0136457,  
0.0152707,  
0.0155448,  
0.0156126,  
0.0139396,  
0.0120276,  
0.0077959,  
0.0022475,  
0.0002400,  
-0.0000040,  
0.0000404,  
-0.0000458,  
0.0000486,  
0.0006483,  
0.0046016,  
0.0095300,  
0.0136457,  
0.0152707,  
0.0155448,  
0.0156126,  
0.0139396,  
0.0120276,  
0.0077959,  
0.0022475,  
0.0002400,  
-0.0000040,  
0.0000404,  
-0.0000458,  
0.0000486,  
0.0006483,  
0.0046016,  
0.0095300,  
0.0136457,  
0.0152707,  
0.0155448,  
0.0156126,  
0.0139396,  
0.0120276,  
0.0077959,  
0.0022475,  
0.0002400,  
-0.0000040,  
0.0000404,  
-0.0000458,  
0.0000486,  
0.0006483,  
0.0046016,  
0.0095300,  
0.0136457,  
0.0152707,  
0.0155448,  
0.0156126,  
0.0139396,  
0.0120276,  
0.0077959,  
0.0022475,  
0.0002400,  
-0.0000040,  
0.0000404,  
-0.0000458,  
0.0000486,  
0.0006483,  
0.0046016,  
0.0095300,  
0.0136457,  
0.0152707,  
0.0155448,  
0.0156126,  
0.0139396,  
0.0120276,  
0.0077959,  
0.0022475,  
0.0002400,  
-0.0000040,  
0.0000404,  
-0.0000267,  
0.0000442,  
0.0006006,  
0.0044785,  
0.0093071,  
0.0133337,  
0.0149021,  
0.0151513,  
0.0152563,  
0.0137146,  
0.0119586,  
0.0078170,  
0.0022700,  
0.0002440,  
-0.0000050,  
0.0000155,  
0.0002233,  
0.0000152,  
0.0000766,  
0.0030981,  
0.0067770,  
0.0097491,  
0.0106306,  
0.0106241,  
0.0111202,  
0.0108175,  
0.0107229,  
0.0077380,  
0.0024809,  
0.0003391,  
-0.0000252,  
-0.0002079,  
0.0008118,  
0.0002934,  
-0.0005910,  
0.0009496,  
0.0027945,  
0.0040672,  
0.0038309,  
0.0034981,  
0.0044670,  
0.0050800,  
0.0063474,  
0.0051317,  
0.0016563,  
0.0006077,  
0.0003013,  
-0.0002555,  
-0.0002371,  
0.0000248,  
-0.0010545,  
-0.0005636,  
0.0000021,  
0.0001050,  
-0.0009164,  
-0.0016453,  
-0.0012003,  
-0.0012961,  
-0.0003200,  
-0.0004480,  
-0.0017101,  
-0.0006081,  
0.0004371,  
0.0003328,  
